0 426
1 426
2 426
3 426
4 426
5 426
6 426
7 426
8 426
9 426
10 426
11 426
12 426
13 426
14 426
15 426
16 426
17 426
18 426
19 426
20 426
21 426
22 426
23 426
24 426
25 426
26 426
27 426
28 426
29 426
30 426
31 426
32 426
33 426
34 426
35 426
36 426
37 426
38 426
39 426
40 426
41 426
42 426
43 426
44 426
45 426
46 426
47 426
48 426
49 426
50 426
51 426
52 426
53 426
54 426
55 426
56 426
57 426
58 426
59 426
60 426
61 426
62 426
63 426
64 426
65 426
66 426
67 426
68 426
69 426
70 426
71 426
72 426
73 426
74 426
75 426
76 426
77 426
78 426
79 426
80 426
81 426
82 426
83 426
84 426
85 426
86 426
87 426
88 426
89 426
90 426
91 426
92 426
93 426
94 426
95 426
96 426
97 426
98 426
99 426
100 426
101 426
102 426
103 426
104 426
105 426
106 426
107 426
108 426
109 426
110 426
111 426
112 426
113 426
114 426
115 426
116 426
117 426
118 426
119 426
120 426
121 426
122 426
123 426
124 426
125 426
126 426
127 426
128 426
129 426
130 426
131 426
132 426
133 426
134 426
135 426
136 426
137 426
138 426
139 426
140 426
141 426
142 426
143 426
144 426
145 426
146 426
147 426
148 426
149 426
150 426
151 426
152 426
153 426
154 426
155 426
156 426
157 426
158 426
159 426
160 426
161 426
162 426
163 426
164 426
165 426
166 426
167 426
168 426
169 426
170 426
171 426
172 426
173 426
174 426
175 426
176 426
177 426
178 426
179 426
180 426
181 426
182 426
183 426
184 426
185 426
186 426
187 426
188 426
189 426
190 426
191 426
192 426
193 426
194 426
195 426
196 426
197 426
198 426
199 426
200 426
201 426
202 426
203 426
204 426
205 426
206 426
207 426
208 426
209 426
210 426
211 426
212 426
213 426
214 426
215 426
216 426
217 426
218 426
219 426
220 426
221 426
222 426
223 426
224 426
225 426
226 426
227 426
228 426
229 426
230 426
231 426
232 426
233 426
234 426
235 426
236 426
237 426
238 426
239 426
240 426
241 426
242 426
243 426
244 426
245 426
246 426
247 426
248 426
249 426
250 426
251 426
252 426
253 426
254 426
255 426
256 426
257 426
258 426
259 426
260 426
261 426
262 426
263 426
264 426
265 426
266 426
267 426
268 426
269 426
270 426
271 426
272 426
273 426
274 426
275 426
276 426
277 426
278 426
279 426
280 426
281 426
282 426
283 426
284 426
285 426
286 426
287 426
288 426
289 426
290 426
291 426
292 426
293 426
294 426
295 426
296 426
297 426
298 426
299 426
300 426
301 426
302 426
303 426
304 426
305 426
306 426
307 426
308 426
309 426
310 426
311 426
312 426
313 426
314 426
315 426
316 426
317 426
318 426
319 426
320 426
321 426
322 426
323 426
324 426
325 426
326 426
327 426
328 426
329 426
330 426
331 426
332 426
333 426
334 426
335 426
336 426
337 426
338 426
339 426
340 426
341 426
342 426
343 426
344 426
345 426
346 426
347 426
348 426
349 426
350 426
351 426
352 426
353 426
354 426
355 426
356 426
357 426
358 426
359 426
360 426
361 426
362 426
363 426
364 426
365 426
366 426
367 426
368 426
369 426
370 426
371 426
372 426
373 426
374 426
375 426
376 426
377 426
378 426
379 426
380 426
381 426
382 426
383 426
384 426
385 426
386 426
387 426
388 426
389 426
390 426
391 426
392 426
393 426
394 426
395 426
396 426
397 426
398 426
399 426
400 426
401 426
402 426
403 426
404 426
405 426
406 426
407 426
408 426
409 426
410 426
411 426
412 426
413 426
414 426
415 426
416 426
417 426
418 426
419 426
420 426
421 426
422 426
423 426
424 426
425 426
426 426
427 426
428 426
429 426
430 426
431 426
432 426
433 426
434 426
435 426
436 426
437 426
438 426
439 426
440 426
441 426
442 426
443 426
444 426
445 426
446 426
447 426
448 426
449 426
450 426
451 426
452 426
453 426
454 426
455 426
456 426
457 426
458 426
459 426
460 426
461 426
462 426
463 426
464 426
465 426
466 426
467 426
468 426
469 426
470 426
471 426
472 426
473 426
474 426
475 426
476 426
477 426
478 426
479 426
480 426
481 426
482 426
483 426
484 426
485 426
486 426
487 426
488 426
489 426
490 426
491 426
492 426
493 426
494 426
495 426
496 426
497 426
498 426
499 426
500 426
501 426
502 426
503 426
504 426
505 426
506 426
507 426
508 426
509 426
510 426
511 426
512 426
513 426
514 426
515 426
516 426
517 426
518 426
519 426
520 426
521 426
522 426
523 426
524 426
525 426
526 426
527 426
528 426
529 426
530 426
531 426
532 426
533 426
534 426
535 426
536 426
537 426
538 426
539 426
540 426
541 426
542 426
543 426
544 426
545 426
546 426
547 426
548 426
549 426
550 426
551 426
552 426
553 426
554 426
555 426
556 426
557 426
558 426
559 426
560 426
561 426
562 426
563 426
564 426
565 426
566 426
567 426
568 426
569 426
570 426
571 426
572 426
573 426
574 426
575 426
576 426
577 426
578 426
579 426
580 426
581 426
582 426
583 426
584 426
585 426
586 426
587 426
588 426
589 426
590 426
591 426
592 426
593 426
594 426
595 426
596 426
597 426
598 426
599 426
600 426
601 426
602 426
603 426
604 426
605 426
606 426
607 426
608 426
609 426
610 426
611 426
612 426
613 426
614 426
615 426
616 426
617 426
618 426
619 426
620 426
621 426
622 426
623 426
624 426
625 426
626 426
627 426
628 426
629 426
630 426
631 426
632 426
633 426
634 426
635 426
636 426
637 426
638 426
639 426
640 426
641 426
642 426
643 426
644 426
645 426
646 426
647 426
648 426
649 426
650 426
651 426
652 426
653 426
654 426
655 426
656 426
657 426
658 426
659 426
660 426
661 426
662 426
663 426
664 426
665 426
666 426
667 426
668 426
669 426
670 426
671 426
672 426
673 426
674 426
675 426
676 426
677 426
678 426
679 426
680 426
681 426
682 426
683 426
684 426
685 426
686 426
687 426
688 426
689 426
690 426
691 426
692 426
693 426
694 426
695 426
696 426
697 426
698 426
699 426
700 426
701 426
702 426
703 426
704 426
705 426
706 426
707 426
708 426
709 426
710 426
711 426
712 426
713 426
714 426
715 426
716 426
717 426
718 426
719 426
720 426
721 426
722 426
723 426
724 426
725 426
726 426
727 426
728 426
729 426
730 426
731 426
732 426
733 426
734 426
735 426
736 426
737 426
738 426
739 426
740 426
741 426
742 426
743 426
744 426
745 426
746 426
747 426
748 426
749 426
750 426
751 426
752 426
753 426
754 426
755 426
756 426
757 426
758 426
759 426
760 426
761 426
762 426
763 426
764 426
765 426
766 426
767 426
768 426
769 426
770 426
771 426
772 426
773 426
774 426
775 426
776 426
777 426
778 426
779 426
780 426
781 426
782 426
783 426
784 426
785 426
786 426
787 426
788 426
789 426
790 426
791 426
792 426
793 426
794 426
795 426
796 426
797 426
798 426
799 426
800 426
801 426
802 426
803 426
804 426
805 426
806 426
807 426
808 426
809 426
810 426
811 426
812 426
813 426
814 426
815 426
816 426
817 426
818 426
819 426
820 426
821 426
822 426
823 426
824 426
825 426
826 426
827 426
828 426
829 426
830 426
831 426
832 426
833 426
834 426
835 426
836 426
837 426
838 426
839 426
840 426
841 426
842 426
843 426
844 426
845 426
846 426
847 426
848 426
849 426
850 426
851 426
852 426
853 426
854 426
855 426
856 426
857 426
858 426
859 426
860 426
861 426
862 426
863 426
864 426
865 426
866 426
867 426
868 426
869 426
870 426
871 426
872 426
873 426
874 426
875 426
876 426
877 426
878 426
879 426
880 426
881 426
882 426
883 426
884 426
885 426
886 426
887 426
888 426
889 426
890 426
891 426
892 426
893 426
894 426
895 426
896 426
897 426
898 426
899 426
900 426
901 426
902 426
903 426
904 426
905 426
906 426
907 426
908 426
909 426
910 426
911 426
912 426
913 426
914 426
915 426
916 426
917 426
918 426
919 426
920 426
921 426
922 426
923 426
924 426
925 426
926 426
927 426
928 426
929 426
930 426
931 426
932 426
933 426
934 426
935 426
936 426
937 426
938 426
939 426
940 426
941 426
942 426
943 426
944 426
945 426
946 426
947 426
948 426
949 426
950 426
951 426
952 426
953 426
954 426
955 426
956 426
957 426
958 426
959 426
960 426
961 426
962 426
963 426
964 426
965 426
966 426
967 426
968 426
969 426
970 426
971 426
972 426
973 426
974 426
975 426
976 426
977 426
978 426
979 426
980 426
981 426
982 426
983 426
984 426
985 426
986 426
987 426
988 426
989 426
990 426
991 426
992 426
993 426
994 426
995 426
996 426
997 426
998 426
999 426
1000 426
1001 426
